-50.0 -2.701511529340721
-49.9 -3.0854692009820104
-49.8 -3.4420400295631985
-49.699999999999996 -3.768059067166725
-49.599999999999994 -4.060632545734732
-49.49999999999999 -4.3171635623590054
-49.39999999999999 -4.535375129575211
-49.29999999999999 -4.713330386064669
-49.19999999999999 -4.849449788372672
-49.09999999999999 -4.942525131047896
-48.999999999999986 -4.99173027075961
-48.899999999999984 -4.996628459204305
-48.79999999999998 -4.957176219714584
-48.69999999999998 -4.87372373316114
-48.59999999999998 -4.747011729722531
-48.49999999999998 -4.578164914111725
-48.39999999999998 -4.368681982617375
-48.299999999999976 -4.120422320569555
-48.199999999999974 -3.8355894983038215
-48.09999999999997 -3.5167117121150553
-47.99999999999997 -3.1666193438080037
-47.89999999999997 -2.788419838028196
-47.79999999999997 -2.3854701203630717
-47.69999999999997 -1.961346801033046
-47.599999999999966 -1.519814428645746
-47.499999999999964 -1.0647920757963205
-47.39999999999996 -0.6003185531013722
-47.29999999999996 -0.13051656043027543
-47.19999999999996 0.3404439064710043
-47.09999999999996 0.8083825691570806
-46.99999999999996 1.2691459709308472
-46.899999999999956 1.7186443432188803
-46.799999999999955 2.1528879066471025
-46.69999999999995 2.5680222846046914
-46.59999999999995 2.9603627149639995
-46.49999999999995 3.3264267562898135
-46.39999999999995 3.662965198236302
-46.29999999999995 3.966990901767847
-46.199999999999946 4.235805313216804
-46.099999999999945 4.46702241683672
-45.99999999999994 4.658589913247106
-45.89999999999994 4.808807435788054
-45.79999999999994 4.9163416430949916
-45.69999999999994 4.980238053931121
-45.59999999999994 4.999929519230378
-45.499999999999936 4.975241256152732
-45.399999999999935 4.906392399469046
-45.29999999999993 4.793994056505305
-45.19999999999993 4.6390438829107845
-45.09999999999993 4.442917227395803
-44.99999999999993 4.207354924039301
-44.89999999999993 3.9344478405221937
-44.799999999999926 3.626618319437962
-44.699999999999925 3.286598677408137
-44.59999999999992 2.917406952846722
-44.49999999999992 2.5223201176373697
-44.39999999999992 2.104844990499171
-44.29999999999992 1.6686871102152099
-44.19999999999992 1.2177178450082429
-44.099999999999916 0.755940030002026
-43.999999999999915 0.2874524377736486
-43.89999999999991 -0.1835866026423051
-43.79999999999991 -0.6529961153763697
-43.69999999999991 -1.1166095883622862
-43.59999999999991 -1.5703119555927836
-43.49999999999991 -2.0100761227370594
-43.399999999999906 -2.431998711914881
-43.299999999999905 -2.8323347083552486
-43.1999999999999 -3.2075307014123755
-43.0999999999999 -3.5542564248903767
-42.9999999999999 -3.869434316721565
-42.8999999999999 -4.150266835625441
-42.7999999999999 -4.394261292282958
-42.699999999999896 -4.599251974623557
-42.599999999999895 -4.763419370838673
-42.49999999999989 -4.885306319497487
-42.39999999999989 -4.963830943414843
-42.29999999999989 -4.998296252469789
-42.19999999999989 -4.98839633013923
-42.09999999999989 -4.934219048834622
-41.999999999999886 -4.836245289940239
-41.899999999999885 -4.69534467547598
-41.79999999999988 -4.512767849270701
-41.69999999999988 -4.290135376159147
-41.59999999999988 -4.029423357733626
-41.49999999999988 -3.7329458923265295
-41.39999999999988 -3.4033345349095443
-41.299999999999876 -3.043514939225607
-41.199999999999875 -2.656680889478965
-41.09999999999987 -2.2462659520806945
-40.99999999999987 -1.8159129990699319
-40.89999999999987 -1.3694418737240026
-40.79999999999987 -0.910815485358816
-40.69999999999987 -0.4441046342654933
-40.599999999999866 0.026548121001477642
-40.499999999999865 0.4969652332669606
-40.399999999999864 0.9629712469399241
-40.29999999999986 1.4204298596525813
-40.19999999999986 1.8652806363733119
-40.09999999999986 2.2935750501151806
-39.99999999999986 2.701511529341273
-39.89999999999986 3.085469200982527
-39.799999999999855 3.4420400295636737
-39.699999999999854 3.7680590671671563
-39.59999999999985 4.060632545735115
-39.49999999999985 4.317163562359337
-39.39999999999985 4.5353751295754865
-39.29999999999985 4.7133303860648885
-39.19999999999985 4.849449788372831
-39.099999999999845 4.942525131047995
-38.999999999999844 4.991730270759648
-38.89999999999984 4.99662845920428
-38.79999999999984 4.957176219714498
-38.69999999999984 4.873723733160985
-38.59999999999984 4.747011729722325
-38.49999999999984 4.578164914111448
-38.399999999999835 4.368681982617056
-38.299999999999834 4.120422320569165
-38.19999999999983 3.835589498303401
-38.09999999999983 3.516711712114564
-37.99999999999983 3.166619343807496
-37.89999999999983 2.7884198380276226
-37.79999999999983 2.3854701203624957
-37.699999999999825 1.9613468010324104
-37.599999999999824 1.5198144286451218
-37.49999999999982 1.0647920757956455
-37.39999999999982 0.6003185531007215
-37.29999999999982 0.13051656042958473
-37.19999999999982 -0.34044390647165823
-37.09999999999982 -0.8083825691577624
-36.999999999999815 -1.2691459709314812
-36.899999999999814 -1.718644343219529
-36.79999999999981 -2.1528879066476945
-36.69999999999981 -2.5680222846052843
-36.59999999999981 -2.960362714964528
-36.49999999999981 -3.3264267562903296
-36.39999999999981 -3.6629651982367477
-36.299999999999805 -3.966990901768268
-36.199999999999804 -4.235805313217151
-36.0999999999998 -4.467022416837014
-35.9999999999998 -4.658589913247344
-35.8999999999998 -4.808807435788233
-35.7999999999998 -4.9163416430951115
-35.6999999999998 -4.9802380539311795
-35.599999999999795 -4.999929519230373
-35.499999999999794 -4.9752412561526675
-35.39999999999979 -4.90639239946892
-35.29999999999979 -4.793994056505119
-35.19999999999979 -4.63904388291054
-35.09999999999979 -4.442917227395503
-34.99999999999979 -4.207354924038928
-34.899999999999785 -3.934447840521789
-34.799999999999784 -3.6266183194374864
-34.69999999999978 -3.2865986774076434
-34.59999999999978 -2.917406952846161
-34.49999999999978 -2.522320117636804
-34.39999999999978 -2.1048449904985445
-34.29999999999978 -1.668687110214592
-34.199999999999775 -1.2177178450075727
-34.099999999999774 -0.7559400300013783
-33.99999999999977 -0.28745243777295876
-33.89999999999977 0.18358660264296012
-33.79999999999977 0.6529961153770196
-33.69999999999977 1.116609588362925
-33.59999999999977 1.5703119555934397
-33.499999999999766 2.01007612273766
-33.399999999999764 2.431998711915454
-33.29999999999976 2.8323347083557886
-33.19999999999976 3.2075307014129057
-33.09999999999976 3.554256424890863
-32.99999999999976 3.869434316722003
-32.89999999999976 4.150266835625807
-32.799999999999756 4.3942612922832875
-32.699999999999754 4.5992519746238205
-32.59999999999975 4.763419370838883
-32.49999999999975 4.88530631949763
-32.39999999999975 4.963830943414921
-32.29999999999975 4.998296252469807
-32.19999999999975 4.988396330139184
-32.099999999999746 4.934219048834514
-31.999999999999744 4.836245289940074
-31.899999999999743 4.695344675475748
-31.79999999999974 4.5127678492704195
-31.69999999999974 4.2901353761588
-31.59999999999974 4.029423357733238
-31.499999999999737 3.7329458923260823
-31.399999999999736 3.4033345349090642
-31.299999999999734 3.0435149392250733
-31.199999999999733 2.6566808894784093
-31.09999999999973 2.246265952080093
-30.99999999999973 1.8159129990693212
-30.89999999999973 1.3694418737233551
-30.799999999999727 0.9108154853581716
-30.699999999999726 0.4441046342648228
-30.599999999999724 -0.02654812100213305
-30.499999999999723 -0.49696523326763054
-30.39999999999972 -0.9629712469405671
-30.29999999999972 -1.420429859653227
-30.19999999999972 -1.86528063637392
-30.099999999999717 -2.293575050115779
-29.999999999999716 -2.7015115293418246
-29.899999999999714 -3.0854692009830567
-29.799999999999713 -3.442040029564149
-29.69999999999971 -3.768059067167599
-29.59999999999971 -4.0606325457355075
-29.49999999999971 -4.317163562359685
-29.399999999999707 -4.53537512957577
-29.299999999999706 -4.713330386065119
-29.199999999999704 -4.849449788372995
-29.099999999999703 -4.942525131048099
-28.9999999999997 -4.991730270759686
-28.8999999999997 -4.996628459204255
-28.7999999999997 -4.957176219714411
-28.699999999999697 -4.873723733160839
-28.599999999999696 -4.7470117297221135
-28.499999999999694 -4.578164914111184
-28.399999999999693 -4.368681982616728
-28.29999999999969 -4.120422320568792
-28.19999999999969 -3.8355894983029692
-28.09999999999969 -3.516711712114098
-27.999999999999687 -3.1666193438069756
-27.899999999999686 -2.788419838027078
-27.799999999999685 -2.385470120361904
-27.699999999999683 -1.9613468010318074
-27.59999999999968 -1.5198144286444804
-27.49999999999968 -1.0647920757950051
-27.39999999999968 -0.6003185531000532
-27.299999999999677 -0.13051656042892956
-27.199999999999676 0.3404439064723298
-27.099999999999675 0.8083825691584092
-26.999999999999673 1.2691459709321324
-26.89999999999967 1.7186443432201446
-26.79999999999967 2.152887906648302
-26.69999999999967 2.5680222846058465
-26.599999999999667 2.96036271496507
-26.499999999999666 3.326426756290819
-26.399999999999665 3.6629651982372065
-26.299999999999663 3.9669909017686673
-26.199999999999662 4.23580531321751
-26.09999999999966 4.467022416837309
-25.99999999999966 4.658589913247589
-25.899999999999658 4.808807435788418
-25.799999999999656 4.916341643095238
-25.699999999999655 4.980238053931239
-25.599999999999653 4.99992951923037
-25.499999999999652 4.9752412561526
-25.39999999999965 4.906392399468786
-25.29999999999965 4.7939940565049275
-25.199999999999648 4.639043882910282
-25.099999999999646 4.442917227395194
-24.999999999999645 4.207354924038573
-24.899999999999643 3.934447840521374
-24.799999999999642 3.6266183194370347
-24.69999999999964 3.286598677407136
-24.59999999999964 2.917406952845629
-24.499999999999638 2.5223201176362227
-24.399999999999636 2.10484499049795
-24.299999999999635 1.6686871102139573
-24.199999999999633 1.2177178450069372
-24.099999999999632 0.7559400300007129
-23.99999999999963 0.28745243777230445
-23.89999999999963 -0.18358660264363283
-23.799999999999628 -0.6529961153777046
-23.699999999999626 -1.1166095883635814
-23.599999999999625 -1.570311955594062
-23.499999999999623 -2.010076122738276
-23.399999999999622 -2.4319987119160573
-23.29999999999962 -2.8323347083563437
-23.19999999999962 -3.207530701413408
-23.099999999999618 -3.5542564248913115
-22.999999999999616 -3.869434316722418
-22.899999999999615 -4.150266835626182
-22.799999999999613 -4.3942612922836
-22.699999999999612 -4.599251974624078
-22.59999999999961 -4.763419370839083
-22.49999999999961 -4.8853063194977695
-22.399999999999608 -4.963830943415
-22.299999999999606 -4.998296252469824
-22.199999999999605 -4.988396330139139
-22.099999999999604 -4.934219048834405
-21.999999999999602 -4.836245289939902
-21.8999999999996 -4.695344675475516
-21.7999999999996 -4.51276784927013
-21.699999999999598 -4.290135376158455
-21.599999999999596 -4.02942335773284
-21.499999999999595 -3.7329458923256342
-21.399999999999594 -3.4033345349085713
-21.299999999999592 -3.043514939224539
-21.19999999999959 -2.6566808894778395
-21.09999999999959 -2.246265952079492
-20.999999999999588 -1.815912999068694
-20.899999999999586 -1.3694418737227079
-20.799999999999585 -0.9108154853575097
-20.699999999999584 -0.44410463426415225
-20.599999999999582 0.026548121002806218
-20.49999999999958 0.49696523326830033
-20.39999999999958 0.9629712469412277
-20.299999999999578 1.4204298596538723
-20.199999999999577 1.8652806363745444
-20.099999999999575 2.293575050116377
-19.999999999999574 2.701511529342391
-19.899999999999572 3.085469200983586
-19.79999999999957 3.4420400295646374
-19.69999999999957 3.7680590671680414
-19.599999999999568 4.06063254573589
-19.499999999999567 4.317163562360015
-19.399999999999565 4.535375129576046
-19.299999999999564 4.713330386065337
-19.199999999999562 4.849449788373155
-19.09999999999956 4.942525131048198
-18.99999999999956 4.9917302707597235
-18.899999999999558 4.996628459204231
-18.799999999999557 4.9571762197143245
-18.699999999999555 4.873723733160693
-18.599999999999554 4.747011729721907
-18.499999999999552 4.578164914110913
-18.39999999999955 4.368681982616401
-18.29999999999955 4.120422320568411
-18.199999999999548 3.8355894983025376
-18.099999999999547 3.51671171211362
-17.999999999999545 3.1666193438064543
-17.899999999999544 2.7884198380265195
-17.799999999999542 2.3854701203613127
-17.69999999999954 1.9613468010311883
-17.59999999999954 1.5198144286438393
-17.499999999999538 1.0647920757943472
-17.399999999999537 0.6003185530993849
-17.299999999999535 0.1305165604282566
-17.199999999999534 -0.34044390647300143
-17.099999999999532 -0.8083825691590736
-16.99999999999953 -1.2691459709327835
-16.89999999999953 -1.7186443432207767
-16.799999999999528 -2.1528879066489095
-16.699999999999527 -2.568022284606424
-16.599999999999525 -2.9603627149656124
-16.499999999999524 -3.3264267562913212
-16.399999999999523 -3.6629651982376643
-16.29999999999952 -3.9669909017690768
-16.19999999999952 -4.235805313217867
-16.09999999999952 -4.467022416837611
-15.999999999999517 -4.658589913247832
-15.899999999999515 -4.808807435788597
-15.799999999999514 -4.916341643095357
-15.699999999999513 -4.980238053931298
-15.599999999999511 -4.999929519230366
-15.49999999999951 -4.975241256152534
-15.399999999999508 -4.9063923994686585
-15.299999999999507 -4.793994056504739
-15.199999999999505 -4.639043882910034
-15.099999999999504 -4.442917227394889
-14.999999999999503 -4.207354924038214
-14.899999999999501 -3.9344478405209635
-14.7999999999995 -3.626618319436578
-14.699999999999498 -3.2865986774066354
-14.599999999999497 -2.9174069528450897
-14.499999999999496 -2.5223201176356493
-14.399999999999494 -2.104844990497347
-14.299999999999493 -1.6686871102133312
-14.199999999999491 -1.2177178450062929
-14.09999999999949 -0.7559400300000562
-13.999999999999488 -0.28745243777164126
-13.899999999999487 0.1835866026442967
-13.799999999999486 0.652996115378372
-13.699999999999484 1.1166095883642373
-13.599999999999483 1.570311955594701
-13.499999999999481 2.0100761227388926
-13.39999999999948 2.4319987119166457
-13.299999999999478 2.8323347083568984
-13.199999999999477 3.207530701413925
-13.099999999999476 3.5542564248917854
-12.999999999999474 3.8694343167228444
-12.899999999999473 4.150266835626557
-12.799999999999471 4.394261292283922
-12.69999999999947 4.599251974624342
-12.599999999999469 4.763419370839287
-12.499999999999467 4.8853063194979125
-12.399999999999466 4.963830943415081
-12.299999999999464 4.998296252469841
-12.199999999999463 4.988396330139094
-12.099999999999461 4.934219048834299
-11.99999999999946 4.8362452899397335
-11.899999999999459 4.6953446754752886
-11.799999999999457 4.512767849269844
-11.699999999999456 4.290135376158114
-11.599999999999454 4.029423357732446
-11.499999999999453 3.732945892325192
-11.399999999999451 3.4033345349080846
-11.29999999999945 3.043514939224012
-11.199999999999449 2.6566808894772764
-11.099999999999447 2.246265952078898
-10.999999999999446 1.815912999068075
-10.899999999999444 1.369441873722069
-10.799999999999443 0.9108154853568564
-10.699999999999442 0.44410463426349056
-10.59999999999944 -0.026548121003470503
-10.499999999999439 -0.49696523326896136
-10.399999999999437 -0.9629712469418796
-10.299999999999436 -1.4204298596545093
-10.199999999999434 -1.8652806363751608
-10.099999999999433 -2.293575050116975
-9.999999999999432 -2.701511529342957
-9.89999999999943 -3.0854692009841154
-9.799999999999429 -3.4420400295651254
-9.699999999999427 -3.7680590671684837
-9.599999999999426 -4.060632545736283
-9.499999999999424 -4.317163562360355
-9.399999999999423 -4.535375129576329
-9.299999999999422 -4.713330386065563
-9.19999999999942 -4.8494497883733185
-9.099999999999419 -4.9425251310483
-8.999999999999417 -4.991730270759763
-8.899999999999416 -4.9966284592042065
-8.799999999999415 -4.957176219714237
-8.699999999999413 -4.873723733160543
-8.599999999999412 -4.747011729721696
-8.49999999999941 -4.57816491411065
-8.399999999999409 -4.368681982616082
-8.299999999999407 -4.12042232056804
-8.199999999999406 -3.8355894983021166
-8.099999999999405 -3.5167117121131537
-7.999999999999403 -3.1666193438059476
-7.899999999999402 -2.7884198380259755
-7.7999999999994 -2.385470120360729
-7.699999999999399 -1.9613468010305772
-7.5999999999993975 -1.519814428643206
-7.499999999999396 -1.0647920757936982
-7.399999999999395 -0.6003185530987254
-7.299999999999393 -0.13051656042759252
-7.199999999999392 0.3404439064736642
-7.09999999999939 0.8083825691597292
-6.999999999999389 1.269145970933426
-6.8999999999993875 1.7186443432214047
-6.799999999999386 2.152887906649513
-6.699999999999385 2.5680222846069976
-6.599999999999383 2.9603627149661516
-6.499999999999382 3.326426756291821
-6.39999999999938 3.6629651982381195
-6.299999999999379 3.966990901769484
-6.199999999999378 4.235805313218222
-6.099999999999376 4.467022416837912
-5.999999999999375 4.658589913248077
-5.899999999999373 4.808807435788782
-5.799999999999372 4.916341643095479
-5.6999999999993705 4.980238053931357
-5.599999999999369 4.9999295192303626
-5.499999999999368 4.975241256152469
-5.399999999999366 4.906392399468531
-5.299999999999365 4.79399405650455
-5.199999999999363 4.639043882909787
-5.099999999999362 4.4429172273945845
-4.9999999999993605 4.207354924037853
-4.899999999999359 3.9344478405205514
-4.799999999999358 3.626618319436118
-4.699999999999356 3.2865986774061313
-4.599999999999355 2.917406952844546
-4.499999999999353 2.522320117635072
-4.399999999999352 2.1048449904967406
-4.299999999999351 1.6686871102127008
-4.199999999999349 1.2177178450056398
-4.099999999999348 0.7559400299993907
-3.9999999999993463 0.2874524377709692
-3.899999999999345 -0.1835866026449694
-3.7999999999993435 -0.6529961153790307
-3.699999999999342 -1.116609588364885
-3.5999999999993406 -1.5703119555953318
-3.499999999999339 -2.0100761227395005
-3.3999999999993378 -2.4319987119172257
-3.2999999999993364 -2.832334708357446
-3.199999999999335 -3.2075307014144343
-3.0999999999993335 -3.5542564248922535
-2.999999999999332 -3.8694343167232663
-2.8999999999993307 -4.15026683562693
-2.7999999999993292 -4.394261292284241
-2.699999999999328 -4.599251974624604
-2.5999999999993264 -4.7634193708394905
-2.499999999999325 -4.885306319498056
-2.3999999999993236 -4.963830943415161
-2.299999999999322 -4.998296252469859
-2.1999999999993207 -4.988396330139048
-2.0999999999993193 -4.934219048834191
-1.9999999999993179 -4.836245289939565
-1.8999999999993165 -4.69534467547506
-1.799999999999315 -4.512767849269557
-1.6999999999993136 -4.290135376157773
-1.5999999999993122 -4.029423357732053
-1.4999999999993108 -3.73294589232475
-1.3999999999993094 -3.4033345349075965
-1.299999999999308 -3.0435149392234835
-1.1999999999993065 -2.65668088947671
-1.099999999999305 -2.246265952078301
-0.9999999999993037 -1.8159129990674518
-0.8999999999993022 -1.3694418737214256
-0.7999999999993008 -0.9108154853561989
-0.6999999999992994 -0.44410463426282343
-0.599999999999298 0.026548121004141452
-0.49999999999929656 0.496965233269629
-0.39999999999929514 0.962971246942538
-0.2999999999992937 1.4204298596551534
-0.1999999999992923 1.8652806363757843
-0.09999999999929088 2.2935750501175654
7.105427357601002e-13 2.701511529343516
0.10000000000071196 3.085469200984639
0.20000000000071338 3.442040029565608
0.3000000000007148 3.768059067168921
0.4000000000007162 4.060632545736672
0.5000000000007176 4.317163562360691
0.6000000000007191 4.53537512957661
0.7000000000007205 4.713330386065785
0.8000000000007219 4.849449788373482
0.9000000000007233 4.942525131048401
1.0000000000007248 4.991730270759801
1.1000000000007262 4.996628459204182
1.2000000000007276 4.95717621971415
1.300000000000729 4.873723733160393
1.4000000000007304 4.7470117297214856
1.5000000000007319 4.57816491411038
1.6000000000007333 4.3686819826157555
1.7000000000007347 4.120422320567659
1.8000000000007361 3.835589498301685
1.9000000000007375 3.516711712112675
2.000000000000739 3.1666193438054258
2.1000000000007404 2.7884198380254155
2.200000000000742 2.385470120360143
2.3000000000007432 1.9613468010299642
2.4000000000007446 1.5198144286425714
2.500000000000746 1.0647920757930471
2.6000000000007475 0.6003185530980615
2.700000000000749 0.13051656042692403
2.8000000000007503 -0.34044390647433137
2.9000000000007518 -0.8083825691603891
3.000000000000753 -1.2691459709340727
3.1000000000007546 -1.7186443432220306
3.200000000000756 -2.1528879066501148
3.3000000000007574 -2.5680222846075695
3.400000000000759 -2.960362714966689
3.5000000000007603 -3.32642675629232
3.6000000000007617 -3.6629651982385747
3.700000000000763 -3.9669909017698908
3.8000000000007645 -4.235805313218577
3.900000000000766 -4.467022416838212
4.000000000000767 -4.65858991324832
4.100000000000769 -4.808807435788964
4.20000000000077 -4.916341643095601
4.300000000000772 -4.980238053931416
4.400000000000773 -4.99992951923036
4.5000000000007745 -4.975241256152402
4.600000000000776 -4.906392399468402
4.700000000000777 -4.79399405650436
4.800000000000779 -4.639043882909537
4.90000000000078 -4.442917227394277
5.000000000000782 -4.207354924037494
5.100000000000783 -3.934447840520141
5.200000000000784 -3.626618319435657
5.300000000000786 -3.2865986774056273
5.400000000000787 -2.9174069528440034
5.500000000000789 -2.5223201176344947
5.60000000000079 -2.104844990496134
5.7000000000007915 -1.6686871102120704
5.800000000000793 -1.2177178450049957
5.900000000000794 -0.755940029998734
6.000000000000796 -0.287452437770306
6.100000000000797 0.1835866026456377
6.200000000000799 0.6529961153796936
6.3000000000008 1.1166095883655367
6.4000000000008015 1.5703119555959666
6.500000000000803 2.010076122740113
6.600000000000804 2.4319987119178106
6.700000000000806 2.832334708357997
6.800000000000807 3.2075307014149472
6.900000000000809 3.554256424892723
7.00000000000081 3.8694343167236918
7.100000000000811 4.150266835627303
7.200000000000813 4.394261292284559
7.300000000000814 4.599251974624867
7.400000000000816 4.763419370839694
7.500000000000817 4.8853063194981985
7.6000000000008185 4.963830943415242
7.70000000000082 4.998296252469877
7.800000000000821 4.988396330139003
7.900000000000823 4.934219048834082
8.000000000000824 4.836245289939395
8.100000000000826 4.69534467547483
8.200000000000827 4.512767849269269
8.300000000000828 4.290135376157429
8.40000000000083 4.029423357731657
8.500000000000831 3.7329458923243024
8.600000000000833 3.403334534907105
8.700000000000834 3.043514939222951
8.800000000000836 2.6566808894761436
8.900000000000837 2.2462659520777035
9.000000000000838 1.815912999066829
9.10000000000084 1.3694418737207825
9.200000000000841 0.9108154853555415
9.300000000000843 0.44410463426215846
9.400000000000844 -0.026548121004807964
9.500000000000846 -0.49696523327029224
9.600000000000847 -0.9629712469431921
9.700000000000848 -1.4204298596557916
9.80000000000085 -1.8652806363764018
9.900000000000851 -2.2935750501181555
10.000000000000853 -2.7015115293440752
10.100000000000854 -3.0854692009851616
10.200000000000855 -3.442040029566089
10.300000000000857 -3.768059067169363
10.400000000000858 -4.060632545737064
10.50000000000086 -4.31716356236103
10.600000000000861 -4.5353751295768925
10.700000000000863 -4.7133303860660085
10.800000000000864 -4.8494497883736445
10.900000000000865 -4.9425251310485026
11.000000000000867 -4.991730270759839
11.100000000000868 -4.996628459204157
11.20000000000087 -4.9571762197140625
11.300000000000871 -4.873723733160244
11.400000000000873 -4.747011729721276
11.500000000000874 -4.578164914110112
11.600000000000875 -4.368681982615431
11.700000000000877 -4.1204223205672825
11.800000000000878 -3.835589498301259
11.90000000000088 -3.516711712112203
12.000000000000881 -3.1666193438049124
12.100000000000882 -2.788419838024858
12.200000000000884 -2.3854701203595536
12.300000000000885 -1.9613468010293469
12.400000000000887 -1.5198144286419322
12.500000000000888 -1.0647920757923914
12.60000000000089 -0.6003185530973977
12.700000000000891 -0.1305165604262555
12.800000000000892 0.34044390647499856
12.900000000000894 0.808382569161049
13.000000000000895 1.2691459709347197
13.100000000000897 1.7186443432226564
13.200000000000898 2.152887906650716
13.3000000000009 2.568022284608142
13.400000000000901 2.960362714967226
13.500000000000902 3.3264267562928165
13.600000000000904 3.662965198239027
13.700000000000905 3.9669909017702953
13.800000000000907 4.235805313218931
13.900000000000908 4.46702241683851
14.00000000000091 4.658589913248563
14.100000000000911 4.808807435789148
14.200000000000912 4.916341643095723
14.300000000000914 4.980238053931475
14.400000000000915 4.9999295192303554
14.500000000000917 4.975241256152335
14.600000000000918 4.906392399468273
14.70000000000092 4.793994056504171
14.80000000000092 4.639043882909288
14.900000000000922 4.442917227393971
15.000000000000924 4.207354924037133
15.100000000000925 3.9344478405197285
15.200000000000927 3.6266183194351997
15.300000000000928 3.2865986774051263
15.40000000000093 2.917406952843464
15.50000000000093 2.5223201176339205
15.600000000000932 2.1048449904955318
15.700000000000934 1.6686871102114442
15.800000000000935 1.2177178450043427
15.900000000000936 0.7559400299980685
16.000000000000938 0.2874524377696339
16.10000000000094 -0.18358660264630597
16.20000000000094 -0.6529961153803566
16.300000000000942 -1.1166095883661886
16.400000000000944 -1.5703119555966016
16.500000000000945 -2.0100761227407253
16.600000000000946 -2.4319987119183946
16.700000000000948 -2.832334708358548
16.80000000000095 -3.20753070141546
16.90000000000095 -3.554256424893193
17.000000000000952 -3.8694343167241123
17.100000000000954 -4.150266835627673
17.200000000000955 -4.3942612922848765
17.300000000000956 -4.599251974625127
17.400000000000958 -4.7634193708398955
17.50000000000096 -4.885306319498339
17.60000000000096 -4.963830943415321
17.700000000000962 -4.998296252469894
17.800000000000963 -4.988396330138958
17.900000000000965 -4.934219048833976
18.000000000000966 -4.836245289939228
18.100000000000968 -4.695344675474603
18.20000000000097 -4.512767849268985
18.30000000000097 -4.290135376157091
18.400000000000972 -4.029423357731266
18.500000000000973 -3.7329458923238663
18.600000000000975 -3.403334534906612
18.700000000000976 -3.0435149392224163
18.800000000000978 -2.6566808894755733
18.90000000000098 -2.2462659520771022
19.00000000000098 -1.8159129990662017
19.100000000000982 -1.3694418737201353
19.200000000000983 -0.9108154853548794
19.300000000000985 -0.4441046342614879
19.400000000000986 0.02654812100548113
19.500000000000988 0.49696523327096204
19.60000000000099 0.9629712469438527
19.70000000000099 1.4204298596564369
19.800000000000992 1.8652806363770265
19.900000000000993 2.2935750501187537
20.000000000000995 2.701511529344642
20.100000000000996 3.085469200985691
20.200000000000998 3.4420400295665776
20.300000000001 3.7680590671697995
20.400000000001 4.060632545737451
20.500000000001002 4.317163562361365
20.600000000001003 4.535375129577172
20.700000000001005 4.713330386066231
20.800000000001006 4.849449788373806
20.900000000001008 4.942525131048603
21.00000000000101 4.991730270759877
21.10000000000101 4.996628459204133
21.200000000001012 4.9571762197139755
21.300000000001013 4.873723733160095
21.400000000001015 4.747011729721067
21.500000000001016 4.578164914109845
21.600000000001017 4.368681982615109
21.70000000000102 4.120422320566906
21.80000000000102 3.8355894983008327
21.90000000000102 3.516711712111731
22.000000000001023 3.166619343804398
22.100000000001025 2.788419838024314
22.200000000001026 2.385470120358977
22.300000000001027 1.9613468010287276
22.40000000000103 1.5198144286412907
22.50000000000103 1.0647920757917337
22.60000000000103 0.6003185530967293
22.700000000001033 0.13051656042558255
22.800000000001035 -0.34044390647567024
22.900000000001036 -0.8083825691617132
23.000000000001037 -1.2691459709353707
23.10000000000104 -1.7186443432232887
23.20000000000104 -2.1528879066513236
23.30000000000104 -2.5680222846087193
23.400000000001043 -2.9603627149677685
23.500000000001044 -3.3264267562933187
23.600000000001046 -3.662965198239485
23.700000000001047 -3.9669909017707052
23.80000000000105 -4.235805313219288
23.90000000000105 -4.467022416838812
24.00000000000105 -4.658589913248804
24.100000000001053 -4.80880743578933
24.200000000001054 -4.916341643095844
24.300000000001056 -4.980238053931535
24.400000000001057 -4.999929519230352
24.50000000000106 -4.97524125615227
24.60000000000106 -4.906392399468145
24.70000000000106 -4.793994056503982
24.800000000001063 -4.639043882909039
24.900000000001064 -4.442917227393666
25.000000000001066 -4.207354924036774
25.100000000001067 -3.934447840519319
25.20000000000107 -3.6266183194347428
25.30000000000107 -3.2865986774046263
25.40000000000107 -2.9174069528429243
25.500000000001073 -2.522320117633347
25.600000000001074 -2.104844990494929
25.700000000001076 -1.6686871102108178
25.800000000001077 -1.217717845003707
25.90000000000108 -0.7559400299974207
26.00000000000108 -0.28745243776896184
26.10000000000108 0.1835866026469787
26.200000000001083 0.652996115381024
26.300000000001084 1.1166095883668448
26.400000000001086 1.5703119555972407
26.500000000001087 2.0100761227413417
26.60000000000109 2.431998711918983
26.70000000000109 2.832334708359103
26.80000000000109 3.2075307014159766
26.900000000001093 3.5542564248936666
27.000000000001094 3.8694343167245386
27.100000000001096 4.150266835628049
27.200000000001097 4.394261292285197
27.3000000000011 4.599251974625391
27.4000000000011 4.7634193708401
27.5000000000011 4.885306319498483
27.600000000001103 4.963830943415402
27.700000000001104 4.9982962524699115
27.800000000001106 4.988396330138912
27.900000000001107 4.934219048833866
28.00000000000111 4.836245289939057
28.10000000000111 4.695344675474372
28.20000000000111 4.512767849268696
28.300000000001113 4.290135376156744
28.400000000001114 4.029423357730868
28.500000000001116 3.7329458923234187
28.600000000001117 3.403334534906132
28.70000000000112 3.0435149392218968
28.80000000000112 2.6566808894750182
28.90000000000112 2.2462659520765165
29.000000000001123 1.8159129990655911
29.100000000001124 1.3694418737195047
29.200000000001125 0.910815485354235
29.300000000001127 0.4441046342608351
29.40000000000113 -0.026548121006136537
29.50000000000113 -0.49696523327161424
29.60000000000113 -0.9629712469444958
29.700000000001133 -1.4204298596570823
29.800000000001134 -1.8652806363776508
29.900000000001135 -2.293575050119352
30.000000000001137 -2.701511529345208
30.10000000000114 -3.0854692009862204
30.20000000000114 -3.442040029567066
30.30000000000114 -3.768059067170242
30.400000000001143 -4.060632545737843
30.500000000001144 -4.317163562361705
30.600000000001145 -4.535375129577456
30.700000000001147 -4.713330386066455
30.80000000000115 -4.8494497883739704
30.90000000000115 -4.942525131048704
31.00000000000115 -4.991730270759916
31.100000000001153 -4.996628459204108
31.200000000001154 -4.9571762197138876
31.300000000001155 -4.873723733159945
31.400000000001157 -4.747011729720856
31.500000000001158 -4.578164914109575
31.60000000000116 -4.368681982614781
31.70000000000116 -4.120422320566525
31.800000000001162 -3.8355894983004006
31.900000000001164 -3.5167117121112526
32.000000000001165 -3.1666193438038777
32.10000000000117 -2.788419838023755
32.20000000000117 -2.3854701203583857
32.30000000000117 -1.961346801028125
32.40000000000117 -1.5198144286406663
32.50000000000117 -1.0647920757910934
32.600000000001174 -0.6003185530960786
32.700000000001175 -0.13051656042492737
32.80000000000118 0.34044390647632405
32.90000000000118 0.8083825691623602
33.00000000000118 1.269145970936005
33.10000000000118 1.718644343223904
33.20000000000118 2.152887906651915
33.300000000001184 2.5680222846092815
33.400000000001185 2.960362714968311
33.50000000000119 3.326426756293821
33.60000000000119 3.6629651982399434
33.70000000000119 3.9669909017711147
33.80000000000119 4.235805313219646
33.90000000000119 4.467022416839114
34.000000000001194 4.658589913249049
34.100000000001195 4.808807435789509
34.2000000000012 4.916341643095967
34.3000000000012 4.9802380539315925
34.4000000000012 4.999929519230349
34.5000000000012 4.975241256152205
34.6000000000012 4.906392399468015
34.700000000001204 4.793994056503796
34.800000000001205 4.639043882908789
34.90000000000121 4.442917227393365
35.00000000000121 4.20735492403641
35.10000000000121 3.9344478405189145
35.20000000000121 3.6266183194342796
35.30000000000121 3.286598677404105
35.400000000001214 2.917406952842377
35.500000000001215 2.5223201176327503
35.60000000000122 2.1048449904943185
35.70000000000122 1.6686871102101666
35.80000000000122 1.2177178450030541
35.90000000000122 0.7559400299967377
36.00000000000122 0.28745243776830753
36.100000000001224 -0.18358660264765142
36.200000000001225 -0.6529961153816738
36.300000000001226 -1.116609588367501
36.40000000000123 -1.5703119555978629
36.50000000000123 -2.010076122741958
36.60000000000123 -2.4319987119195554
36.70000000000123 -2.832334708359658
36.80000000000123 -3.2075307014164793
36.900000000001235 -3.55425642489414
37.000000000001236 -3.8694343167249534
37.10000000000124 -4.1502668356284245
37.20000000000124 -4.39426129228551
37.30000000000124 -4.599251974625655
37.40000000000124 -4.7634193708403
37.50000000000124 -4.885306319498627
37.600000000001245 -4.963830943415481
37.700000000001246 -4.998296252469929
37.80000000000125 -4.988396330138867
37.90000000000125 -4.934219048833757
38.00000000000125 -4.836245289938891
38.10000000000125 -4.69534467547414
38.20000000000125 -4.512767849268413
38.300000000001255 -4.290135376156399
38.400000000001256 -4.029423357730479
38.50000000000126 -3.732945892322971
38.60000000000126 -3.4033345349056514
38.70000000000126 -3.043514939221362
38.80000000000126 -2.6566808894744627
38.90000000000126 -2.246265952075915
39.000000000001265 -1.8159129990649472
39.100000000001266 -1.3694418737188574
39.20000000000127 -0.9108154853535556
39.30000000000127 -0.44410463426016455
39.40000000000127 0.026548121006827467
39.50000000000127 0.4969652332722841
39.60000000000127 0.9629712469451739
39.700000000001275 1.4204298596577107
39.800000000001276 1.8652806363782752
39.90000000000128 2.293575050119934
40.00000000000128 2.7015115293457748
40.10000000000128 3.0854692009867364
40.20000000000128 3.442040029567554
40.30000000000128 3.7680590671706726
40.400000000001285 4.060632545738237
40.500000000001286 4.317163562362035
40.60000000000129 4.535375129577739
40.70000000000129 4.713330386066674
40.80000000000129 4.849449788374134
40.90000000000129 4.942525131048804
41.00000000000129 4.991730270759955
41.100000000001295 4.996628459204084
41.200000000001296 4.9571762197138
41.3000000000013 4.873723733159799
41.4000000000013 4.7470117297206444
41.5000000000013 4.578164914109311
41.6000000000013 4.368681982614454
41.7000000000013 4.120422320566154
41.800000000001305 3.835589498299969
41.900000000001306 3.5167117121107863
42.00000000000131 3.1666193438033563
42.10000000000131 2.788419838023211
42.20000000000131 2.385470120357794
42.30000000000131 1.961346801027522
42.40000000000131 1.519814428640025
42.500000000001315 1.064792075790453
42.600000000001316 0.6003185530954104
42.70000000000132 0.13051656042423665
42.80000000000132 -0.3404439064769957
42.90000000000132 -0.808382569163042
43.00000000000132 -1.269145970936656
43.10000000000132 -1.718644343224553
43.200000000001324 -2.1528879066525226
43.300000000001326 -2.5680222846098744
43.40000000000133 -2.9603627149688387
43.50000000000133 -3.3264267562943237
43.60000000000133 -3.6629651982403892
43.70000000000133 -3.966990901771524
43.80000000000133 -4.235805313219994
43.900000000001334 -4.467022416839417
44.000000000001336 -4.658589913249287
44.10000000000134 -4.808807435789698
44.20000000000134 -4.916341643096086
44.30000000000134 -4.980238053931655
44.40000000000134 -4.999929519230345
44.50000000000134 -4.9752412561521355
44.600000000001344 -4.906392399467889
44.700000000001346 -4.7939940565036
44.80000000000135 -4.639043882908544
44.90000000000135 -4.442917227393048
45.00000000000135 -4.207354924036056
45.10000000000135 -3.934447840518488
45.20000000000135 -3.626618319433828
45.300000000001354 -3.2865986774036116
45.400000000001356 -2.917406952841845
45.50000000000136 -2.5223201176321846
45.60000000000136 -2.104844990493724
45.70000000000136 -1.6686871102095489
45.80000000000136 -1.2177178450024184
45.90000000000136 -0.7559400299960899
46.000000000001364 -0.28745243776765317
46.100000000001366 0.1835866026483064
46.20000000000137 0.6529961153823237
46.30000000000137 1.11660958836814
46.40000000000137 1.570311955598519
46.50000000000137 2.010076122742558
46.60000000000137 2.4319987119201594
46.700000000001374 2.832334708360198
46.800000000001376 3.2075307014170096
46.90000000000138 3.554256424894601
47.00000000000138 3.8694343167253913
47.10000000000138 4.1502668356287895
47.20000000000138 4.39426129228584
47.30000000000138 4.599251974625912
47.400000000001384 4.763419370840509
47.500000000001386 4.885306319498765
47.60000000000139 4.963830943415564
47.70000000000139 4.998296252469946
47.80000000000139 4.98839633013882
47.90000000000139 4.9342190488336515
48.00000000000139 4.836245289938715
48.100000000001394 4.6953446754739145
48.200000000001396 4.512767849268116
48.3000000000014 4.290135376156062
48.4000000000014 4.02942335773007
48.5000000000014 3.7329458923225345
48.6000000000014 3.403334534905145
48.7000000000014 3.0435149392208425
48.800000000001404 2.6566808894738774
48.900000000001405 2.2462659520753294
49.00000000000141 1.8159129990643366
49.10000000000141 1.369441873718227
49.20000000000141 0.9108154853529111
49.30000000000141 0.44410463425951174
49.40000000000141 -0.026548121007482876
49.500000000001414 -0.49696523327293624
49.600000000001415 -0.9629712469458169
49.70000000000142 -1.4204298596583391
49.80000000000142 -1.8652806363788834
49.90000000000142 -2.2935750501205168
